## ListNet
## Epochs = 1500
## No. of features = 46
1 2 3 4 5 6 7 8 9 10 11 12 13 14 15 16 17 18 19 20 21 22 23 24 25 26 27 28 29 30 31 32 33 34 35 36 37 38 39 40 41 42 43 44 45 46
0
0 0 0.027603862304414428
0 1 0.024331393860355897
0 2 0.011998001459824941
0 3 0.08709464202609406
0 4 -0.031633437869244
0 5 -0.07587318867444992
0 6 -0.02932881750166416
0 7 0.09288927167654037
0 8 -0.004273158498108387
0 9 0.07524821162223816
0 10 0.09074980753376168
0 11 0.10129092359968711
0 12 0.007217157356475231
0 13 0.0403356738743581
0 14 -0.03063681221487541
0 15 0.03412598036960493
0 16 0.0437526445870125
0 17 -0.02510300248163745
0 18 -0.1003253222466681
0 19 0.09464926076802116
0 20 0.11173502536956932
0 21 0.16685534128949742
0 22 -0.002556710054316339
0 23 0.1275115515835525
0 24 0.02703026621906555
0 25 -0.047981869808916645
0 26 0.12256904204903742
0 27 0.029936232750917946
0 28 -0.015227488810420018
0 29 0.02048370668274102
0 30 0.032178035065334176
0 31 -0.0036817101689980564
0 32 -0.061352502256985804
0 33 -0.0653481001187636
0 34 -0.010526919044344761
0 35 0.11101503525852117
0 36 0.030786696051218223
0 37 0.10491656861834654
0 38 0.17331759241370598
0 39 0.09168525010039152
0 40 -0.0808814242922799
0 41 -0.05861393822271778
0 42 -0.07713872194290161
0 43 -0.056005761807458074
0 44 0.10762619061906355
0 45 0.05805333380225365
0 46 -0.013649160042405128
