## RankNet
## Epochs = 100
## No. of features = 46
## No. of hidden layers = 1
## Layer 1: 10 neurons
1 2 3 4 5 6 7 8 9 10 11 12 13 14 15 16 17 18 19 20 21 22 23 24 25 26 27 28 29 30 31 32 33 34 35 36 37 38 39 40 41 42 43 44 45 46
1
10
0 0 -0.04596248297080537 -4.384004605773162E-4 0.005857413902223032 0.1455801187916723 0.03313674575183429 -0.017451067744454846 0.026506615952453492 0.02132199742181253 -0.0018172563580166664 -0.13013756209516636
0 1 0.07357796286630919 0.07243142119913946 0.11360410516570778 0.1272106954298096 0.050283242617180104 -0.053883764082180124 0.029892983833454068 -0.19304578744217732 0.05112678982680617 -0.23477106844163165
0 2 0.12575490893987645 -0.06928261120483144 0.18470662511253919 0.016234580289213155 0.03397544898576936 -0.21785151806968966 0.06821820683078621 -0.12247409430316467 0.057418513362008615 -0.28691379250328736
0 3 -0.00864292680143098 -0.07214161872483502 0.08852782304984358 0.04595229847836052 -0.0347101695770494 0.08838915505102433 0.02677048202928915 -0.02852476275804064 0.06640333066147722 -0.011748974720255973
0 4 0.08429081695325766 -1.823446384226612E-4 0.08393010663203862 0.09818971824651206 -0.08610173201801358 -0.08810902799088043 0.11372754608692706 -0.05719790715965219 -0.10563510511955664 -0.1593742189968567
0 5 0.05192031338810921 -0.05355078727006912 0.04460927098989487 0.002638351870700717 -0.07965713739395142 0.08071141690015793 0.011057162657380104 -0.007861810736358166 -0.020714586600661278 0.08132697641849518
0 6 0.02955501712858677 -0.07442076504230499 0.035328853875398636 -0.052332788705825806 -0.051979340612888336 0.07683958113193512 0.09609493613243103 0.06262241303920746 0.05173828452825546 0.029095511883497238
0 7 0.06741607934236526 -0.0795288234949112 0.040020961314439774 -0.08272688090801239 0.007445865776389837 0.038337476551532745 -0.061761341989040375 0.06456264108419418 -0.061190687119960785 0.05399184674024582
0 8 -0.03475998714566231 0.029650211334228516 -0.05689706280827522 -0.08714066445827484 0.009175819344818592 7.590592140331864E-4 -0.02693057619035244 -0.08028896898031235 0.05399525910615921 0.002263492438942194
0 9 -0.04906017333269119 0.07405383139848709 0.0221051387488842 -0.0732586532831192 -0.04439336806535721 -0.09838837385177612 -0.006240582559257746 0.0624396912753582 0.07416530698537827 0.009126526303589344
0 10 0.11698725684795194 -0.059801233440396374 -0.003363724928166071 0.042978658435893914 -0.06259576029102315 -0.12917450114587414 0.05716115327671443 -0.09037392152961957 0.02303114152273706 -0.17317721146739043
0 11 -0.0023526767114989784 0.06577559254228123 0.05034309403501048 0.11591218489389661 -0.07189092022847836 -0.0750539301779961 0.17823266310109984 -0.0871280907141396 0.03319127635892983 -0.1873649732861637
0 12 0.029929555211402618 -0.06961834559101318 0.22884122976593457 0.13045637569775245 0.09965824935500474 -0.1259091307820752 0.19700172514540723 -0.07652595030404247 0.08159854797645323 -0.3215415155489259
0 13 0.07468004703427586 0.028271730322616647 0.03739895459242054 0.09154126219785261 0.07070029767231374 0.06492373344205951 -0.07194798475430675 0.005195668862574996 -0.06911901913495112 -0.12871365088362025
0 14 0.1204064204576579 0.0825065773205629 0.11476591777328032 -0.019852592604953433 0.0915531142483676 0.0053636088837430065 0.10645672665282242 -0.12592446170228325 0.04336270347649947 -0.03311996903017814
0 15 0.04557752179979409 -0.056207393744274 0.04911969463403729 0.03570811945503914 -0.032024679250354474 0.008275478279661855 0.07981729713009683 0.03448741228372945 -0.03370131583238787 -0.00983375464513185
0 16 0.1027608730392592 0.007185735001354773 0.06343525139525251 -0.012339218454193949 -0.0787963100655926 0.03395159118947073 0.015579105322108964 -0.06483017024001589 -0.04545701877039998 0.039635402852330776
0 17 -0.01798536924907062 0.019528593242635426 0.03512671668381956 -0.039442994227816254 0.013874722977260003 0.06184254246062592 -8.147839342724393E-4 0.01785202046785976 8.11104535778227E-4 0.06771973496177251
0 18 -0.13156016858311315 0.03897558850835827 -0.10178192327990479 -0.11884221055156546 0.06870531841103429 0.012040360389377934 -0.1281768082037995 0.028601914065742032 0.08462503641162984 0.16447631138796684
0 19 0.09365769184293715 -0.08407787006052331 -0.005213795965568647 -0.053871905407612976 -0.07698260704220124 -0.02283735019443181 -0.03219237185478772 0.05174245269776459 -0.024971899143178804 -0.09251738775451705
0 20 0.33698332464414277 0.03468946444316167 0.2353270514781434 0.29709806487162754 0.007348035157964189 -0.3696790489333339 0.33459034699580953 -0.299108488075455 0.050033749086244236 -0.557616077009223
0 21 0.3498797066586363 0.013334780455156167 0.30476916777831065 0.2662598637792954 0.08729717543276692 -0.33140337835040207 0.42378243339832217 -0.34421727790866086 0.008781653751133243 -0.48782271239953673
0 22 0.3712444489196561 -0.031092886560346332 0.38086831470686544 0.1710676831865853 0.0030187126227232196 -0.3303326544559737 0.38872937207083236 -0.39371147876442747 0.006341667484129674 -0.5654588011127868
0 23 0.24536631251685234 0.07383249350155746 0.2628671476623258 0.19920523543884291 0.013644759044902845 -0.3107846371465884 0.4136130872576333 -0.34905630831025836 0.04373321334899274 -0.5028990553402246
0 24 0.053113687901713856 0.022197324135765938 0.12151118434629285 0.0847772022152325 0.03471242757365437 -0.15643550996780672 0.13151457884923604 -0.15760257558151622 0.051316386230855986 -0.2624673827108287
0 25 0.18053873078053537 -0.04840300316867429 0.04761078715749322 0.14246656474359498 0.08811286935444952 -0.0637401748507839 0.18000713900650786 -0.1606375279341417 -0.016965953477887926 -0.20895868714856783
0 26 0.0810606976689341 -0.02504510213462497 0.06888838158883455 0.17296011839831799 0.010948542139163265 -0.22412611485467346 0.16517975952632605 -0.1385397789585397 -0.09832808750363915 -0.20663432782195643
0 27 0.012608986264157556 -0.012603641190642828 0.12817412225085095 0.058704574639993984 -0.05747636373246988 -0.19985109005240506 0.1394290875752473 -0.20166597019572555 -0.06701269325041322 -0.25693682679313756
0 28 0.12775690455224603 0.007010230308540008 0.1851838508804259 0.16936373731526827 0.05899845668510443 -0.07869081787116926 0.05864090548249784 -0.11707468086797908 0.04731401258176993 -0.23218595366163775
0 29 0.0640123620862302 0.04340868727325492 0.09289927796348849 0.02846842287395417 -0.0532380599411182 -0.23214371428836897 0.2245611400105276 -0.1004858169895713 -0.04641897972160808 -0.34889254853103663
0 30 0.09381677799807583 0.02153973443078995 0.10660526032409792 0.16701288430708466 -0.02881418409148651 -0.23302456085124015 0.21702512544448285 -0.17393144794504686 -0.036524724275177896 -0.2638932996053794
0 31 0.1352229177120857 0.06046086603897558 0.2339228865515233 0.19749854496712038 -0.058995271352996495 -0.12002807185131699 0.14535685749994517 -0.11819192744376278 -0.09694376541300331 -0.3070198847210394
0 32 0.0709213533123168 -0.02342340408476234 0.11671447148352865 -0.05055799718531765 0.04337508006587622 -0.017486830243792148 0.08381987994158066 -0.12619123988735376 -0.021955580825350183 -0.1816090509236814
0 33 0.021652495442750084 -0.0603791944413394 0.01811095248703048 0.11913503596083125 0.10102754184631317 -0.05925513765652472 -0.017287597106229777 -0.05110282022959003 0.05865095088652898 -0.06675270415592625
0 34 0.12208618073628531 0.0919536312255796 0.037525320513317174 0.1291979221075358 -0.046563870313965354 -0.09599220755382082 0.015325612619139057 -0.1367630909577744 -0.013217792318843395 -0.11217532562577782
0 35 0.13858867531073749 0.014769732762427224 0.02798745287939961 0.0725950011689188 -0.07779131034885638 -0.09454010077592019 0.11715606105644816 0.044093365354206375 0.04568318363156152 -0.07680805122762205
0 36 0.2744894324848078 0.06931156532209203 0.3106041677321163 0.1268578447925403 0.0885475855464246 -0.2481137803306293 0.4062660217065022 -0.38263088652004834 0.0024514722144602027 -0.5002946006622302
0 37 0.20670271019584927 -0.017117497776717304 0.35643808295781326 0.18455934135719324 0.012575145720630496 -0.4271895179578894 0.3848586338562522 -0.3818584495524092 -0.12500779216656108 -0.5710296316194944
0 38 0.36833626101777667 0.07202584595586028 0.24504517795735167 0.2405644091457044 0.05940345846765924 -0.4184180502369439 0.4613247435169876 -0.42318543366272937 -0.12674345476658508 -0.6751386337819387
0 39 0.32764628012789265 -0.053436048577533445 0.3865020137899288 0.15153227555394225 -0.0702926972618527 -0.39966521837119184 0.2501980788230812 -0.41137102599867226 -0.11920554665999814 -0.6305887106988762
0 40 -0.019109469506870626 0.06754635285864656 -0.15691260009063926 -0.08166436246496002 -0.02209603264666114 0.04105602529205569 -0.01739896136684599 0.17279467679879804 0.07989871485101518 0.198224340361561
0 41 -0.08894759131752727 0.05383923993395347 -0.00847337295424406 -0.12456149676530515 0.05718744627118049 -0.0055702199434527295 -0.037264655306863105 0.06146810954191987 0.014983805245936014 0.24188388339538455
0 42 0.08407490700483322 -0.014875275082886219 -0.019491756334900856 -0.04730139300227165 -0.06430073082447052 -0.07042045891284943 -0.09350035339593887 0.0024942816235125065 -0.0893038734793663 -0.08991362154483795
0 43 0.005259210587306059 0.043710157055156344 -0.0016326145395145304 -0.00954615904424064 -0.0015409145683671732 -0.09885095830898288 0.04014237906895185 0.0695642581274762 -0.02402792991353526 0.07490919957092126
0 44 -0.03428098000311788 0.047891581852708025 -0.014583474987437279 0.02989166589558528 0.08697154412806209 0.05203274952841743 0.007414928030434651 -0.08652503993566855 -0.09195990762997147 0.02064055135605321
0 45 -0.0902785220076258 0.04089876844626601 -0.10255471674789995 -0.10539723820714372 -0.001683558415484225 0.02107487802815709 0.044383657153461535 -0.07048130325953889 0.02492176059199591 -0.012600728135509845
0 46 -0.022502940335646104 0.08494420715033474 -0.07348458697692636 0.034210127602980395 0.09168034411869806 0.0671037864359097 -0.05914383211466289 0.09689126497021605 0.033610140715180904 -0.038889682437367526 -0.14282651907810484
1 0 0.820756023046285
1 1 -0.020460574622945336
1 2 0.8754946478654361
1 3 0.6653569389922648
1 4 -0.005892363962726098
1 5 -1.004453181854791
1 6 0.9870267424560799
1 7 -1.0347399435591143
1 8 -0.1807911430292932
1 9 -1.3535084224533211
